Month	L	M	S	P01	P1	P3	P5	P10	P15	P25	P50	P75	P85	P90	P95	P97	P99	P999
61	-0.7387	15.2641	0.0839	12.041	12.72	13.148	13.384	13.764	14.03	14.441	15.264	16.172	16.7	17.074	17.656	18.052	18.845	20.355
62	-0.7621	15.2616	0.08414	12.039	12.716	13.144	13.38	13.759	14.026	14.437	15.262	16.173	16.703	17.079	17.665	18.065	18.865	20.392
63	-0.7856	15.2604	0.08439	12.037	12.714	13.14	13.377	13.756	14.023	14.434	15.26	16.175	16.708	17.086	17.677	18.08	18.887	20.432
64	-0.8089	15.2605	0.08464	12.037	12.712	13.138	13.374	13.754	14.02	14.432	15.26	16.179	16.714	17.095	17.689	18.096	18.911	20.474
65	-0.8322	15.2619	0.0849	12.038	12.711	13.137	13.373	13.752	14.019	14.432	15.262	16.184	16.722	17.106	17.704	18.114	18.937	20.519
66	-0.8554	15.2645	0.08516	12.039	12.712	13.137	13.373	13.752	14.019	14.432	15.264	16.191	16.732	17.118	17.721	18.134	18.965	20.567
67	-0.8785	15.2684	0.08543	12.042	12.713	13.138	13.374	13.753	14.02	14.434	15.268	16.198	16.743	17.131	17.739	18.156	18.995	20.618
68	-0.9015	15.2737	0.0857	12.045	12.715	13.14	13.376	13.755	14.023	14.437	15.274	16.208	16.755	17.146	17.759	18.18	19.028	20.671
69	-0.9243	15.2801	0.08597	12.049	12.718	13.143	13.379	13.758	14.026	14.441	15.28	16.218	16.769	17.163	17.78	18.205	19.062	20.726
70	-0.9471	15.2877	0.08625	12.054	12.722	13.146	13.382	13.762	14.031	14.446	15.288	16.23	16.784	17.181	17.804	18.232	19.098	20.785
71	-0.9697	15.2965	0.08653	12.06	12.727	13.151	13.387	13.767	14.036	14.452	15.296	16.244	16.801	17.201	17.828	18.261	19.136	20.846
72	-0.9921	15.3062	0.08682	12.066	12.733	13.157	13.393	13.773	14.042	14.459	15.306	16.258	16.819	17.221	17.854	18.291	19.176	20.91
73	-1.0144	15.3169	0.08711	12.073	12.739	13.163	13.399	13.78	14.049	14.467	15.317	16.273	16.838	17.244	17.882	18.323	19.217	20.975
74	-1.0365	15.3285	0.08741	12.08	12.746	13.17	13.406	13.787	14.057	14.476	15.328	16.29	16.858	17.267	17.911	18.356	19.261	21.044
75	-1.0584	15.3408	0.08771	12.088	12.753	13.177	13.413	13.795	14.065	14.485	15.341	16.307	16.879	17.291	17.941	18.39	19.305	21.114
76	-1.0801	15.354	0.08802	12.096	12.761	13.185	13.422	13.804	14.075	14.495	15.354	16.326	16.902	17.317	17.972	18.426	19.352	21.188
77	-1.1017	15.3679	0.08833	12.105	12.769	13.193	13.43	13.813	14.084	14.506	15.368	16.345	16.925	17.343	18.004	18.463	19.4	21.263
78	-1.123	15.3825	0.08865	12.114	12.778	13.202	13.439	13.823	14.095	14.518	15.382	16.365	16.949	17.37	18.038	18.501	19.449	21.341
79	-1.1441	15.3978	0.08898	12.124	12.787	13.212	13.449	13.833	14.105	14.529	15.398	16.386	16.974	17.399	18.073	18.541	19.501	21.421
80	-1.1649	15.4137	0.08931	12.133	12.797	13.222	13.459	13.843	14.117	14.542	15.414	16.407	17	17.428	18.108	18.582	19.553	21.504
81	-1.1856	15.4302	0.08964	12.143	12.807	13.232	13.47	13.855	14.128	14.555	15.43	16.429	17.026	17.458	18.145	18.623	19.607	21.588
82	-1.206	15.4473	0.08998	12.154	12.817	13.242	13.481	13.866	14.141	14.569	15.447	16.452	17.054	17.489	18.183	18.666	19.662	21.675
83	-1.2261	15.465	0.09033	12.164	12.828	13.253	13.492	13.878	14.153	14.582	15.465	16.476	17.082	17.521	18.221	18.71	19.719	21.764
84	-1.246	15.4832	0.09068	12.175	12.839	13.265	13.504	13.891	14.166	14.597	15.483	16.5	17.111	17.554	18.261	18.756	19.777	21.855
85	-1.2656	15.5019	0.09103	12.186	12.85	13.276	13.516	13.904	14.18	14.612	15.502	16.525	17.14	17.588	18.301	18.801	19.836	21.948
86	-1.2849	15.521	0.09139	12.198	12.861	13.288	13.528	13.917	14.194	14.627	15.521	16.55	17.17	17.622	18.343	18.848	19.896	22.044
87	-1.304	15.5407	0.09176	12.209	12.873	13.301	13.54	13.93	14.208	14.643	15.541	16.577	17.202	17.657	18.385	18.897	19.958	22.142
88	-1.3228	15.5608	0.09213	12.221	12.885	13.313	13.553	13.944	14.223	14.659	15.561	16.603	17.233	17.692	18.428	18.945	20.021	22.243
89	-1.3414	15.5814	0.09251	12.232	12.897	13.326	13.567	13.958	14.238	14.675	15.581	16.631	17.265	17.729	18.472	18.996	20.086	22.346
90	-1.3596	15.6023	0.09289	12.244	12.909	13.339	13.58	13.972	14.253	14.692	15.602	16.658	17.298	17.766	18.517	19.047	20.151	22.45
91	-1.3776	15.6237	0.09327	12.257	12.922	13.352	13.594	13.987	14.268	14.709	15.624	16.686	17.332	17.803	18.562	19.098	20.218	22.557
92	-1.3953	15.6455	0.09366	12.269	12.935	13.365	13.608	14.002	14.284	14.726	15.646	16.715	17.366	17.842	18.609	19.151	20.286	22.667
93	-1.4126	15.6677	0.09406	12.281	12.948	13.379	13.622	14.017	14.3	14.744	15.668	16.744	17.4	17.881	18.656	19.205	20.356	22.779
94	-1.4297	15.6903	0.09445	12.294	12.961	13.393	13.636	14.033	14.317	14.762	15.69	16.774	17.435	17.921	18.704	19.259	20.426	22.892
95	-1.4464	15.7133	0.09486	12.307	12.975	13.407	13.651	14.049	14.333	14.781	15.713	16.804	17.471	17.961	18.753	19.315	20.498	23.009
96	-1.4629	15.7368	0.09526	12.32	12.988	13.422	13.666	14.065	14.35	14.799	15.737	16.835	17.508	18.002	18.802	19.371	20.57	23.127
97	-1.479	15.7606	0.09567	12.333	13.002	13.436	13.681	14.081	14.368	14.819	15.761	16.867	17.544	18.044	18.852	19.428	20.645	23.249
98	-1.4947	15.7848	0.09609	12.346	13.016	13.451	13.697	14.098	14.385	14.838	15.785	16.898	17.582	18.086	18.904	19.486	20.72	23.373
99	-1.5101	15.8094	0.09651	12.359	13.03	13.466	13.712	14.115	14.403	14.858	15.809	16.931	17.62	18.129	18.956	19.545	20.797	23.499
100	-1.5252	15.8344	0.09693	12.373	13.045	13.482	13.728	14.132	14.421	14.878	15.834	16.963	17.659	18.172	19.008	19.605	20.874	23.627
101	-1.5399	15.8597	0.09735	12.386	13.059	13.497	13.745	14.149	14.44	14.898	15.86	16.996	17.698	18.216	19.061	19.666	20.953	23.756
102	-1.5542	15.8855	0.09778	12.4	13.074	13.513	13.761	14.167	14.459	14.919	15.886	17.03	17.738	18.261	19.115	19.727	21.033	23.89
103	-1.5681	15.9116	0.09821	12.414	13.089	13.529	13.778	14.185	14.478	14.94	15.912	17.064	17.778	18.306	19.17	19.789	21.114	24.024
104	-1.5817	15.9381	0.09864	12.428	13.104	13.545	13.795	14.203	14.497	14.961	15.938	17.099	17.818	18.352	19.225	19.852	21.196	24.161
105	-1.5948	15.9651	0.09907	12.442	13.12	13.562	13.812	14.222	14.517	14.983	15.965	17.134	17.86	18.399	19.281	19.916	21.278	24.3
106	-1.6076	15.9925	0.09951	12.457	13.135	13.579	13.83	14.241	14.537	15.005	15.992	17.17	17.902	18.446	19.338	19.981	21.363	24.442
107	-1.6199	16.0205	0.09994	12.472	13.152	13.596	13.848	14.26	14.558	15.028	16.02	17.206	17.944	18.493	19.395	20.046	21.448	24.585
108	-1.6318	16.049	0.10038	12.487	13.168	13.614	13.866	14.28	14.579	15.051	16.049	17.243	17.987	18.542	19.453	20.112	21.534	24.731
109	-1.6433	16.0781	0.10082	12.502	13.185	13.632	13.885	14.3	14.6	15.074	16.078	17.28	18.031	18.591	19.513	20.18	21.622	24.879
110	-1.6544	16.1078	0.10126	12.518	13.202	13.65	13.904	14.321	14.622	15.098	16.108	17.319	18.076	18.641	19.573	20.248	21.711	25.029
111	-1.6651	16.1381	0.1017	12.534	13.22	13.669	13.924	14.343	14.645	15.123	16.138	17.357	18.121	18.692	19.634	20.317	21.801	25.182
112	-1.6753	16.1692	0.10214	12.55	13.238	13.689	13.944	14.364	14.668	15.149	16.169	17.397	18.168	18.744	19.696	20.388	21.892	25.337
113	-1.6851	16.2009	0.10259	12.567	13.256	13.708	13.965	14.387	14.691	15.175	16.201	17.438	18.215	18.797	19.759	20.459	21.985	25.495
114	-1.6944	16.2333	0.10303	12.584	13.275	13.729	13.986	14.41	14.716	15.201	16.233	17.479	18.263	18.85	19.823	20.531	22.078	25.654
115	-1.7032	16.2665	0.10347	12.602	13.295	13.75	14.008	14.433	14.741	15.228	16.266	17.521	18.311	18.905	19.887	20.605	22.173	25.814
116	-1.7116	16.3004	0.10391	12.62	13.315	13.771	14.031	14.458	14.766	15.256	16.3	17.564	18.361	18.96	19.953	20.679	22.269	25.977
117	-1.7196	16.3351	0.10435	12.639	13.336	13.794	14.054	14.483	14.793	15.285	16.335	17.608	18.412	19.016	20.02	20.754	22.366	26.142
118	-1.7271	16.3704	0.10478	12.658	13.357	13.816	14.078	14.508	14.82	15.314	16.37	17.652	18.462	19.073	20.087	20.83	22.463	26.306
119	-1.7341	16.4065	0.10522	12.677	13.379	13.84	14.102	14.534	14.847	15.344	16.406	17.697	18.515	19.13	20.155	20.907	22.562	26.474
120	-1.7407	16.4433	0.10566	12.697	13.401	13.863	14.127	14.561	14.875	15.375	16.443	17.743	18.568	19.189	20.225	20.985	22.662	26.644
121	-1.7468	16.4807	0.10609	12.718	13.423	13.888	14.152	14.588	14.904	15.406	16.481	17.79	18.621	19.248	20.294	21.063	22.762	26.814
122	-1.7525	16.5189	0.10652	12.738	13.446	13.913	14.178	14.616	14.933	15.438	16.519	17.837	18.675	19.308	20.365	21.142	22.864	26.985
123	-1.7578	16.5578	0.10695	12.76	13.47	13.938	14.205	14.644	14.963	15.471	16.558	17.886	18.73	19.369	20.436	21.223	22.966	27.158
124	-1.7626	16.5974	0.10738	12.781	13.494	13.964	14.232	14.673	14.994	15.504	16.597	17.935	18.786	19.431	20.509	21.304	23.069	27.332
125	-1.767	16.6376	0.1078	12.803	13.519	13.99	14.259	14.703	15.025	15.538	16.638	17.984	18.843	19.493	20.581	21.385	23.173	27.505
126	-1.771	16.6786	0.10823	12.826	13.544	14.017	14.287	14.733	15.056	15.572	16.679	18.035	18.9	19.556	20.656	21.468	23.278	27.682
127	-1.7745	16.7203	0.10865	12.849	13.569	14.045	14.316	14.764	15.089	15.607	16.72	18.086	18.958	19.62	20.73	21.551	23.383	27.857
128	-1.7777	16.7628	0.10906	12.872	13.596	14.073	14.346	14.796	15.122	15.643	16.763	18.138	19.017	19.685	20.805	21.635	23.488	28.032
129	-1.7804	16.8059	0.10948	12.896	13.622	14.102	14.376	14.828	15.156	15.679	16.806	18.191	19.077	19.75	20.881	21.72	23.595	28.21
130	-1.7828	16.8497	0.10989	12.92	13.649	14.131	14.406	14.86	15.19	15.717	16.85	18.244	19.137	19.816	20.958	21.805	23.702	28.387
131	-1.7847	16.8941	0.1103	12.945	13.677	14.161	14.437	14.893	15.225	15.754	16.894	18.298	19.198	19.883	21.035	21.891	23.81	28.564
132	-1.7862	16.9392	0.1107	12.97	13.705	14.191	14.469	14.927	15.26	15.793	16.939	18.353	19.26	19.95	21.113	21.977	23.917	28.74
133	-1.7873	16.985	0.1111	12.996	13.734	14.222	14.501	14.962	15.296	15.832	16.985	18.408	19.322	20.018	21.191	22.064	24.025	28.916
134	-1.7881	17.0314	0.1115	13.022	13.763	14.253	14.533	14.996	15.333	15.871	17.031	18.464	19.385	20.087	21.27	22.151	24.134	29.093
135	-1.7884	17.0784	0.11189	13.048	13.792	14.285	14.566	15.032	15.37	15.911	17.078	18.521	19.449	20.156	21.35	22.239	24.242	29.267
136	-1.7884	17.1262	0.11228	13.075	13.822	14.317	14.6	15.068	15.408	15.952	17.126	18.578	19.513	20.226	21.43	22.327	24.351	29.442
137	-1.788	17.1746	0.11266	13.102	13.853	14.35	14.634	15.105	15.447	15.993	17.175	18.636	19.578	20.296	21.51	22.416	24.46	29.614
138	-1.7873	17.2236	0.11304	13.13	13.884	14.383	14.669	15.142	15.486	16.035	17.224	18.695	19.643	20.367	21.591	22.505	24.569	29.787
139	-1.7861	17.2734	0.11342	13.157	13.915	14.417	14.704	15.179	15.525	16.078	17.273	18.754	19.71	20.439	21.673	22.595	24.679	29.959
140	-1.7846	17.324	0.11379	13.186	13.947	14.452	14.741	15.218	15.566	16.122	17.324	18.815	19.777	20.512	21.756	22.685	24.789	30.129
141	-1.7828	17.3752	0.11415	13.215	13.98	14.487	14.777	15.257	15.607	16.166	17.375	18.875	19.844	20.585	21.838	22.775	24.898	30.297
142	-1.7806	17.4272	0.11451	13.245	14.013	14.523	14.814	15.297	15.648	16.211	17.427	18.937	19.913	20.658	21.922	22.866	25.008	30.464
143	-1.778	17.4799	0.11487	13.275	14.047	14.559	14.852	15.337	15.691	16.256	17.48	19	19.982	20.733	22.006	22.958	25.118	30.63
144	-1.7751	17.5334	0.11522	13.305	14.081	14.596	14.891	15.378	15.734	16.302	17.533	19.063	20.052	20.808	22.09	23.05	25.228	30.794
145	-1.7719	17.5877	0.11556	13.337	14.116	14.634	14.93	15.42	15.778	16.349	17.588	19.127	20.122	20.884	22.175	23.142	25.338	30.955
146	-1.7684	17.6427	0.1159	13.368	14.152	14.672	14.97	15.463	15.822	16.397	17.643	19.191	20.193	20.96	22.261	23.235	25.448	31.116
147	-1.7645	17.6985	0.11623	13.4	14.188	14.711	15.01	15.506	15.867	16.446	17.698	19.257	20.265	21.037	22.347	23.328	25.558	31.273
148	-1.7604	17.7551	0.11656	13.433	14.225	14.751	15.051	15.55	15.913	16.495	17.755	19.323	20.338	21.115	22.434	23.422	25.668	31.43
149	-1.7559	17.8124	0.11688	13.466	14.262	14.791	15.093	15.594	15.96	16.545	17.812	19.39	20.411	21.194	22.521	23.516	25.778	31.584
150	-1.7511	17.8704	0.1172	13.5	14.3	14.831	15.136	15.64	16.007	16.595	17.87	19.457	20.486	21.273	22.609	23.61	25.888	31.736
151	-1.7461	17.9292	0.11751	13.534	14.338	14.873	15.179	15.685	16.055	16.646	17.929	19.526	20.56	21.352	22.697	23.705	25.998	31.886
152	-1.7408	17.9887	0.11781	13.569	14.377	14.915	15.222	15.732	16.103	16.698	17.989	19.595	20.636	21.433	22.785	23.8	26.107	32.033
153	-1.7352	18.0488	0.11811	13.604	14.417	14.957	15.266	15.779	16.153	16.751	18.049	19.665	20.711	21.513	22.874	23.895	26.216	32.178
154	-1.7293	18.1096	0.11841	13.639	14.457	15	15.311	15.827	16.202	16.804	18.11	19.735	20.788	21.595	22.964	23.991	26.326	32.322
155	-1.7232	18.171	0.11869	13.675	14.497	15.044	15.357	15.875	16.253	16.858	18.171	19.806	20.865	21.676	23.053	24.086	26.434	32.46
156	-1.7168	18.233	0.11898	13.711	14.538	15.087	15.402	15.923	16.303	16.912	18.233	19.877	20.943	21.759	23.144	24.182	26.543	32.6
157	-1.7102	18.2955	0.11925	13.748	14.58	15.132	15.448	15.973	16.355	16.967	18.296	19.949	21.021	21.841	23.234	24.278	26.65	32.733
158	-1.7033	18.3586	0.11952	13.785	14.621	15.177	15.495	16.023	16.407	17.023	18.359	20.022	21.099	21.924	23.324	24.373	26.758	32.865
159	-1.6962	18.4221	0.11979	13.822	14.663	15.222	15.542	16.073	16.459	17.079	18.422	20.095	21.178	22.008	23.415	24.47	26.865	32.996
160	-1.6888	18.486	0.12005	13.86	14.706	15.268	15.59	16.123	16.512	17.135	18.486	20.168	21.257	22.091	23.505	24.565	26.972	33.122
161	-1.6811	18.5502	0.1203	13.897	14.748	15.313	15.637	16.174	16.565	17.192	18.55	20.241	21.336	22.174	23.596	24.66	27.077	33.243
162	-1.6732	18.6148	0.12055	13.935	14.791	15.36	15.685	16.225	16.618	17.248	18.615	20.315	21.416	22.258	23.686	24.755	27.181	33.364
163	-1.6651	18.6795	0.12079	13.973	14.834	15.406	15.733	16.276	16.672	17.306	18.68	20.389	21.495	22.341	23.776	24.85	27.285	33.48
164	-1.6568	18.7445	0.12102	14.011	14.877	15.452	15.782	16.328	16.726	17.363	18.744	20.463	21.574	22.425	23.866	24.944	27.387	33.592
165	-1.6482	18.8095	0.12125	14.049	14.92	15.499	15.83	16.379	16.779	17.42	18.81	20.537	21.654	22.508	23.955	25.037	27.488	33.701
166	-1.6394	18.8746	0.12148	14.087	14.963	15.545	15.879	16.431	16.833	17.478	18.875	20.611	21.733	22.591	24.044	25.131	27.589	33.809
167	-1.6304	18.9398	0.1217	14.125	15.007	15.592	15.927	16.483	16.887	17.535	18.94	20.685	21.812	22.674	24.133	25.223	27.688	33.913
168	-1.6211	19.005	0.12191	14.163	15.05	15.639	15.976	16.534	16.941	17.593	19.005	20.758	21.891	22.757	24.221	25.315	27.786	34.011
169	-1.6116	19.0701	0.12212	14.201	15.093	15.685	16.024	16.586	16.995	17.651	19.07	20.832	21.97	22.839	24.309	25.406	27.882	34.107
170	-1.602	19.1351	0.12233	14.239	15.136	15.731	16.073	16.638	17.049	17.708	19.135	20.906	22.049	22.921	24.396	25.496	27.979	34.202
171	-1.5921	19.2	0.12253	14.276	15.178	15.778	16.121	16.689	17.103	17.766	19.2	20.979	22.127	23.003	24.482	25.586	28.073	34.292
172	-1.5821	19.2648	0.12272	14.314	15.221	15.824	16.169	16.741	17.157	17.823	19.265	21.052	22.204	23.084	24.568	25.674	28.165	34.378
173	-1.5719	19.3294	0.12291	14.351	15.264	15.87	16.217	16.792	17.21	17.88	19.329	21.125	22.282	23.164	24.653	25.762	28.257	34.462
174	-1.5615	19.3937	0.1231	14.387	15.306	15.916	16.265	16.843	17.264	17.937	19.394	21.197	22.359	23.244	24.738	25.849	28.347	34.544
175	-1.551	19.4578	0.12328	14.424	15.348	15.961	16.313	16.894	17.317	17.994	19.458	21.269	22.436	23.324	24.822	25.935	28.436	34.622
176	-1.5403	19.5217	0.12346	14.46	15.39	16.007	16.36	16.944	17.37	18.051	19.522	21.341	22.512	23.403	24.905	26.021	28.524	34.698
177	-1.5294	19.5853	0.12363	14.497	15.432	16.052	16.407	16.995	17.423	18.107	19.585	21.413	22.587	23.482	24.987	26.105	28.609	34.769
178	-1.5185	19.6486	0.1238	14.532	15.473	16.097	16.454	17.045	17.475	18.163	19.649	21.484	22.663	23.56	25.069	26.189	28.695	34.84
179	-1.5074	19.7117	0.12396	14.568	15.514	16.142	16.501	17.095	17.528	18.219	19.712	21.554	22.737	23.637	25.149	26.271	28.778	34.906
180	-1.4961	19.7744	0.12412	14.603	15.555	16.186	16.547	17.145	17.58	18.275	19.774	21.625	22.812	23.714	25.229	26.352	28.86	34.97
181	-1.4848	19.8367	0.12428	14.638	15.595	16.23	16.593	17.194	17.631	18.33	19.837	21.694	22.885	23.79	25.309	26.433	28.941	35.034
182	-1.4733	19.8987	0.12443	14.673	15.636	16.274	16.639	17.243	17.683	18.385	19.899	21.764	22.958	23.865	25.387	26.513	29.021	35.093
183	-1.4617	19.9603	0.12458	14.707	15.676	16.318	16.685	17.292	17.734	18.439	19.96	21.832	23.031	23.94	25.465	26.592	29.099	35.151
184	-1.45	20.0215	0.12473	14.741	15.715	16.361	16.73	17.34	17.784	18.494	20.022	21.901	23.103	24.014	25.542	26.67	29.176	35.208
185	-1.4382	20.0823	0.12487	14.774	15.754	16.404	16.775	17.389	17.835	18.548	20.082	21.969	23.174	24.088	25.618	26.747	29.252	35.261
186	-1.4263	20.1427	0.12501	14.807	15.793	16.446	16.819	17.436	17.885	18.601	20.143	22.036	23.245	24.161	25.693	26.823	29.326	35.313
187	-1.4143	20.2026	0.12514	14.84	15.832	16.488	16.864	17.484	17.935	18.654	20.203	22.103	23.315	24.233	25.767	26.897	29.399	35.36
188	-1.4022	20.2621	0.12528	14.872	15.869	16.53	16.907	17.531	17.984	18.707	20.262	22.169	23.385	24.304	25.841	26.971	29.472	35.41
189	-1.39	20.3211	0.12541	14.904	15.907	16.571	16.95	17.577	18.032	18.759	20.321	22.235	23.453	24.375	25.913	27.044	29.542	35.455
190	-1.3777	20.3796	0.12554	14.935	15.944	16.612	16.993	17.623	18.081	18.811	20.38	22.3	23.522	24.445	25.985	27.116	29.612	35.499
191	-1.3653	20.4376	0.12567	14.966	15.981	16.652	17.035	17.669	18.129	18.862	20.438	22.364	23.589	24.514	26.056	27.188	29.68	35.542
192	-1.3529	20.4951	0.12579	14.997	16.017	16.692	17.078	17.714	18.176	18.913	20.495	22.428	23.656	24.582	26.126	27.258	29.747	35.582
193	-1.3403	20.5521	0.12591	15.027	16.053	16.732	17.119	17.759	18.223	18.964	20.552	22.491	23.722	24.65	26.195	27.326	29.813	35.62
194	-1.3277	20.6085	0.12603	15.056	16.088	16.77	17.16	17.803	18.27	19.014	20.608	22.554	23.787	24.717	26.263	27.395	29.877	35.658
195	-1.3149	20.6644	0.12615	15.085	16.123	16.809	17.2	17.847	18.316	19.063	20.664	22.616	23.852	24.783	26.33	27.462	29.941	35.693
196	-1.3021	20.7197	0.12627	15.113	16.157	16.847	17.24	17.89	18.361	19.112	20.72	22.677	23.916	24.849	26.397	27.528	30.003	35.728
197	-1.2892	20.7745	0.12638	15.141	16.191	16.884	17.28	17.933	18.406	19.161	20.774	22.738	23.979	24.913	26.462	27.593	30.064	35.759
198	-1.2762	20.8287	0.1265	15.168	16.224	16.921	17.319	17.975	18.451	19.208	20.829	22.798	24.042	24.977	26.527	27.657	30.124	35.792
199	-1.2631	20.8824	0.12661	15.195	16.257	16.958	17.357	18.017	18.495	19.256	20.882	22.857	24.104	25.04	26.591	27.72	30.182	35.821
200	-1.2499	20.9355	0.12672	15.221	16.289	16.994	17.395	18.058	18.538	19.303	20.936	22.916	24.165	25.102	26.653	27.782	30.24	35.849
201	-1.2366	20.9881	0.12683	15.247	16.32	17.029	17.433	18.099	18.581	19.349	20.988	22.974	24.226	25.164	26.715	27.844	30.296	35.875
202	-1.2233	21.04	0.12694	15.272	16.351	17.064	17.47	18.139	18.624	19.395	21.04	23.032	24.285	25.225	26.777	27.904	30.351	35.901
203	-1.2098	21.0914	0.12704	15.297	16.382	17.098	17.506	18.179	18.666	19.44	21.091	23.088	24.344	25.284	26.836	27.963	30.405	35.924
204	-1.1962	21.1423	0.12715	15.321	16.412	17.132	17.542	18.218	18.707	19.485	21.142	23.145	24.402	25.344	26.896	28.021	30.458	35.947
205	-1.1826	21.1925	0.12726	15.344	16.442	17.165	17.577	18.256	18.748	19.529	21.192	23.2	24.46	25.402	26.954	28.079	30.51	35.97
206	-1.1688	21.2423	0.12736	15.367	16.471	17.198	17.613	18.295	18.788	19.573	21.242	23.255	24.517	25.46	27.012	28.135	30.56	35.989
207	-1.155	21.2914	0.12746	15.389	16.499	17.231	17.647	18.332	18.828	19.616	21.291	23.309	24.573	25.516	27.068	28.19	30.61	36.007
208	-1.141	21.34	0.12756	15.411	16.527	17.262	17.681	18.369	18.868	19.659	21.34	23.363	24.628	25.572	27.124	28.245	30.658	36.024
209	-1.127	21.388	0.12767	15.432	16.554	17.293	17.714	18.406	18.906	19.701	21.388	23.416	24.683	25.628	27.179	28.299	30.706	36.042
210	-1.1129	21.4354	0.12777	15.452	16.581	17.324	17.747	18.442	18.944	19.742	21.435	23.468	24.737	25.683	27.233	28.352	30.752	36.057
211	-1.0986	21.4822	0.12787	15.472	16.607	17.354	17.779	18.477	18.982	19.783	21.482	23.52	24.79	25.736	27.287	28.403	30.797	36.071
212	-1.0843	21.5285	0.12797	15.491	16.633	17.383	17.81	18.512	19.019	19.823	21.528	23.571	24.843	25.789	27.339	28.454	30.841	36.084
213	-1.0699	21.5742	0.12807	15.51	16.658	17.412	17.841	18.547	19.056	19.863	21.574	23.621	24.895	25.842	27.391	28.504	30.885	36.096
214	-1.0553	21.6193	0.12816	15.528	16.683	17.441	17.872	18.581	19.092	19.903	21.619	23.67	24.946	25.893	27.441	28.552	30.926	36.105
215	-1.0407	21.6638	0.12826	15.546	16.706	17.469	17.902	18.614	19.128	19.942	21.664	23.72	24.996	25.943	27.49	28.6	30.967	36.115
216	-1.026	21.7077	0.12836	15.563	16.73	17.496	17.931	18.647	19.163	19.98	21.708	23.768	25.046	25.993	27.539	28.648	31.007	36.124
217	-1.0112	21.751	0.12845	15.579	16.753	17.523	17.96	18.679	19.197	20.018	21.751	23.815	25.094	26.042	27.587	28.693	31.045	36.13
218	-0.9962	21.7937	0.12855	15.595	16.775	17.549	17.989	18.71	19.231	20.055	21.794	23.862	25.143	26.091	27.634	28.738	31.083	36.136
219	-0.9812	21.8358	0.12864	15.61	16.796	17.575	18.017	18.742	19.264	20.091	21.836	23.909	25.19	26.138	27.68	28.782	31.12	36.14
220	-0.9661	21.8773	0.12874	15.624	16.817	17.6	18.044	18.772	19.297	20.127	21.877	23.954	25.237	26.185	27.726	28.826	31.156	36.145
221	-0.9509	21.9182	0.12883	15.638	16.838	17.624	18.07	18.802	19.329	20.163	21.918	23.999	25.282	26.23	27.77	28.868	31.19	36.148
222	-0.9356	21.9585	0.12893	15.651	16.857	17.648	18.096	18.831	19.361	20.197	21.958	24.043	25.328	26.276	27.814	28.91	31.224	36.151
223	-0.9202	21.9982	0.12902	15.663	16.877	17.671	18.122	18.86	19.392	20.232	21.998	24.087	25.372	26.32	27.857	28.95	31.256	36.151
224	-0.9048	22.0374	0.12911	15.675	16.895	17.694	18.147	18.889	19.422	20.265	22.037	24.13	25.416	26.364	27.898	28.99	31.288	36.151
225	-0.8892	22.076	0.1292	15.687	16.914	17.716	18.171	18.916	19.452	20.299	22.076	24.172	25.459	26.406	27.939	29.028	31.318	36.15
226	-0.8735	22.114	0.1293	15.697	16.931	17.738	18.195	18.943	19.482	20.331	22.114	24.214	25.501	26.449	27.98	29.067	31.349	36.149
227	-0.8578	22.1514	0.12939	15.707	16.948	17.759	18.218	18.97	19.511	20.363	22.151	24.255	25.543	26.49	28.019	29.103	31.378	36.147
228	-0.8419	22.1883	0.12948	15.717	16.964	17.779	18.241	18.996	19.539	20.395	22.188	24.295	25.584	26.531	28.058	29.14	31.405	36.143
