Month	L	M	S	StDev	P01	P1	P3	P5	P10	P15	P25	P50	P75	P85	P90	P95	P97	P99	P999
61	1	110.2647	0.04164	4.5914	96.076	99.583	101.629	102.712	104.381	105.506	107.168	110.265	113.362	115.023	116.149	117.817	118.9	120.946	124.453
62	1	110.8006	0.04172	4.6226	96.516	100.047	102.106	103.197	104.876	106.01	107.683	110.801	113.918	115.592	116.725	118.404	119.495	121.554	125.086
63	1	111.3338	0.0418	4.6538	96.953	100.508	102.581	103.679	105.37	106.51	108.195	111.334	114.473	116.157	117.298	118.989	120.087	122.16	125.715
64	1	111.8636	0.04187	4.6837	97.39	100.968	103.054	104.16	105.861	107.009	108.704	111.864	115.023	116.718	117.866	119.568	120.673	122.76	126.337
65	1	112.3895	0.04195	4.7147	97.82	101.421	103.522	104.634	106.347	107.503	109.209	112.39	115.57	117.276	118.432	120.145	121.257	123.358	126.959
66	1	112.911	0.04203	4.7456	98.246	101.871	103.985	105.105	106.829	107.992	109.71	112.911	116.112	117.83	118.993	120.717	121.837	123.951	127.576
67	1	113.428	0.04211	4.7765	98.668	102.316	104.444	105.571	107.307	108.478	110.206	113.428	116.65	118.378	119.549	121.285	122.412	124.54	128.188
68	1	113.941	0.04218	4.806	99.089	102.76	104.902	106.036	107.782	108.96	110.699	113.941	117.183	118.922	120.1	121.846	122.98	125.122	128.793
69	1	114.45	0.04226	4.8367	99.504	103.198	105.353	106.494	108.252	109.437	111.188	114.45	117.712	119.463	120.648	122.406	123.547	125.702	129.396
70	1	114.9547	0.04234	4.8672	99.914	103.632	105.801	106.949	108.717	109.91	111.672	114.955	118.238	119.999	121.192	122.961	124.109	126.277	129.995
71	1	115.4549	0.04241	4.8964	100.324	104.064	106.246	107.401	109.18	110.38	112.152	115.455	118.758	120.53	121.73	123.509	124.664	126.846	130.586
72	1	115.9509	0.04249	4.9268	100.726	104.49	106.685	107.847	109.637	110.845	112.628	115.951	119.274	121.057	122.265	124.055	125.217	127.412	131.176
73	1	116.4432	0.04257	4.957	101.125	104.912	107.12	108.29	110.091	111.306	113.1	116.443	119.787	121.581	122.796	124.597	125.766	127.975	131.761
74	1	116.9325	0.04264	4.986	101.525	105.333	107.555	108.731	110.543	111.765	113.569	116.932	120.296	122.1	123.322	125.134	126.31	128.532	132.34
75	1	117.4196	0.04272	5.0162	101.918	105.75	107.985	109.169	110.991	112.221	114.036	117.42	120.803	122.619	123.848	125.67	126.854	129.089	132.921
76	1	117.9046	0.0428	5.0463	102.31	106.165	108.414	109.604	111.437	112.674	114.501	117.905	121.308	123.135	124.372	126.205	127.396	129.644	133.499
77	1	118.388	0.04287	5.0753	102.704	106.581	108.842	110.04	111.884	113.128	114.965	118.388	121.811	123.648	124.892	126.736	127.934	130.195	134.072
78	1	118.87	0.04295	5.1055	103.093	106.993	109.268	110.472	112.327	113.579	115.426	118.87	122.314	124.161	125.413	127.268	128.472	130.747	134.647
79	1	119.3508	0.04303	5.1357	103.48	107.403	109.692	110.903	112.769	114.028	115.887	119.351	122.815	124.674	125.932	127.798	129.01	131.298	135.221
80	1	119.8303	0.04311	5.1659	103.867	107.813	110.114	111.333	113.21	114.476	116.346	119.83	123.315	125.184	126.451	128.327	129.546	131.848	135.794
81	1	120.3085	0.04318	5.1949	104.255	108.223	110.538	111.764	113.651	114.924	116.805	120.308	123.812	125.693	126.966	128.853	130.079	132.394	136.362
82	1	120.7853	0.04326	5.2252	104.638	108.63	110.958	112.191	114.089	115.37	117.261	120.785	124.31	126.201	127.482	129.38	130.613	132.941	136.932
83	1	121.2604	0.04334	5.2554	105.02	109.034	111.376	112.616	114.525	115.814	117.716	121.26	124.805	126.707	127.995	129.905	131.145	133.486	137.501
84	1	121.7338	0.04342	5.2857	105.4	109.437	111.793	113.04	114.96	116.256	118.169	121.734	125.299	127.212	128.508	130.428	131.675	134.03	138.068
85	1	122.2053	0.0435	5.3159	105.778	109.839	112.207	113.461	115.393	116.696	118.62	122.205	125.791	127.715	129.018	130.949	132.203	134.572	138.633
86	1	122.675	0.04358	5.3462	106.154	110.238	112.62	113.881	115.824	117.134	119.069	122.675	126.281	128.216	129.526	131.469	132.73	135.112	139.196
87	1	123.1429	0.04366	5.3764	106.529	110.635	113.031	114.299	116.253	117.571	119.517	123.143	126.769	128.715	130.033	131.986	133.255	135.65	139.757
88	1	123.6092	0.04374	5.4067	106.901	111.031	113.44	114.716	116.68	118.006	119.962	123.609	127.256	129.213	130.538	132.502	133.778	136.187	140.317
89	1	124.0736	0.04382	5.4369	107.272	111.425	113.848	115.131	117.106	118.439	120.406	124.074	127.741	129.709	131.041	133.017	134.299	136.722	140.875
90	1	124.5361	0.0439	5.4671	107.641	111.818	114.254	115.543	117.53	118.87	120.849	124.536	128.224	130.202	131.543	133.529	134.819	137.255	141.431
91	1	124.9964	0.04398	5.4973	108.008	112.208	114.657	115.954	117.951	119.299	121.288	124.996	128.704	130.694	132.042	134.039	135.336	137.785	141.984
92	1	125.4545	0.04406	5.5275	108.373	112.596	115.058	116.363	118.371	119.726	121.726	125.454	129.183	131.183	132.538	134.546	135.851	138.313	142.536
93	1	125.9104	0.04414	5.5577	108.736	112.981	115.458	116.769	118.788	120.15	122.162	125.91	129.659	131.671	133.033	135.052	136.363	138.84	143.085
94	1	126.364	0.04422	5.5878	109.096	113.365	115.854	117.173	119.203	120.573	122.595	126.364	130.133	132.155	133.525	135.555	136.874	139.363	143.632
95	1	126.8156	0.0443	5.6179	109.455	113.746	116.249	117.575	119.616	120.993	123.026	126.816	130.605	132.638	134.015	136.056	137.382	139.885	144.176
96	1	127.2651	0.04438	5.648	109.811	114.126	116.642	117.975	120.027	121.411	123.456	127.265	131.075	133.119	134.503	136.555	137.888	140.404	144.719
97	1	127.7129	0.04446	5.6781	110.166	114.504	117.034	118.373	120.436	121.828	123.883	127.713	131.543	133.598	134.99	137.053	138.392	140.922	145.26
98	1	128.159	0.04454	5.7082	110.519	114.88	117.423	118.77	120.844	122.243	124.309	128.159	132.009	134.075	135.474	137.548	138.895	141.438	145.799
99	1	128.6034	0.04462	5.7383	110.871	115.254	117.811	119.165	121.249	122.656	124.733	128.603	132.474	134.551	135.957	138.042	139.396	141.953	146.336
100	1	129.0466	0.0447	5.7684	111.221	115.627	118.197	119.558	121.654	123.068	125.156	129.047	132.937	135.025	136.439	138.535	139.896	142.466	146.872
101	1	129.4887	0.04478	5.7985	111.57	115.999	118.583	119.951	122.058	123.479	125.578	129.489	133.4	135.498	136.92	139.026	140.394	142.978	147.407
102	1	129.93	0.04487	5.83	111.914	116.367	118.965	120.341	122.459	123.888	125.998	129.93	133.862	135.972	137.401	139.519	140.895	143.493	147.946
103	1	130.3705	0.04495	5.8602	112.261	116.738	119.349	120.731	122.86	124.297	126.418	130.37	134.323	136.444	137.881	140.01	141.392	144.003	148.48
104	1	130.8103	0.04503	5.8904	112.608	117.107	119.732	121.121	123.261	124.705	126.837	130.81	134.783	136.915	138.359	140.499	141.889	144.513	149.013
105	1	131.2495	0.04511	5.9207	112.953	117.476	120.114	121.511	123.662	125.113	127.256	131.25	135.243	137.386	138.837	140.988	142.385	145.023	149.546
106	1	131.6884	0.04519	5.951	113.298	117.844	120.496	121.9	124.062	125.521	127.675	131.688	135.702	137.856	139.315	141.477	142.881	145.532	150.078
107	1	132.1269	0.04527	5.9814	113.643	118.212	120.877	122.288	124.461	125.928	128.093	132.127	136.161	138.326	139.792	141.965	143.377	146.042	150.611
108	1	132.5652	0.04535	6.0118	113.987	118.58	121.258	122.677	124.861	126.334	128.51	132.565	136.62	138.796	140.27	142.454	143.872	146.551	151.143
109	1	133.0031	0.04543	6.0423	114.331	118.947	121.639	123.064	125.26	126.741	128.928	133.003	137.079	139.266	140.747	142.942	144.367	147.06	151.675
110	1	133.4404	0.04551	6.0729	114.674	119.313	122.019	123.451	125.658	127.146	129.344	133.44	137.536	139.735	141.223	143.429	144.862	147.568	152.207
111	1	133.877	0.04559	6.1035	115.016	119.678	122.398	123.838	126.055	127.551	129.76	133.877	137.994	140.203	141.699	143.916	145.356	148.076	152.738
112	1	134.313	0.04566	6.1327	115.361	120.046	122.779	124.226	126.454	127.957	130.177	134.313	138.449	140.669	142.172	144.4	145.847	148.58	153.265
113	1	134.7483	0.04574	6.1634	115.702	120.41	123.156	124.61	126.85	128.36	130.591	134.748	138.905	141.136	142.647	144.886	146.34	149.086	153.795
114	1	135.1829	0.04582	6.1941	116.042	120.773	123.533	124.995	127.245	128.763	131.005	135.183	139.361	141.603	143.121	145.371	146.833	149.592	154.324
115	1	135.6168	0.04589	6.2235	116.385	121.139	123.912	125.38	127.641	129.167	131.419	135.617	139.814	142.067	143.592	145.853	147.322	150.095	154.849
116	1	136.0501	0.04597	6.2542	116.723	121.501	124.287	125.763	128.035	129.568	131.832	136.05	140.269	142.532	144.065	146.337	147.813	150.6	155.377
117	1	136.4829	0.04604	6.2837	117.065	121.865	124.665	126.147	128.43	129.97	132.245	136.483	140.721	142.996	144.536	146.819	148.301	151.101	155.901
118	1	136.9153	0.04612	6.3145	117.402	122.225	125.039	126.529	128.823	130.371	132.656	136.915	141.174	143.46	145.008	147.302	148.792	151.605	156.429
119	1	137.3474	0.04619	6.3441	117.743	122.589	125.416	126.912	129.217	130.772	133.068	137.347	141.626	143.923	145.478	147.782	149.279	152.106	156.952
120	1	137.7795	0.04626	6.3737	118.083	122.952	125.792	127.296	129.611	131.174	133.481	137.78	142.078	144.385	145.948	148.263	149.767	152.607	157.476
121	1	138.2119	0.04633	6.4034	118.424	123.315	126.169	127.679	130.006	131.575	133.893	138.212	142.531	144.849	146.418	148.744	150.255	153.108	158
122	1	138.6452	0.0464	6.4331	118.765	123.679	126.546	128.064	130.401	131.978	134.306	138.645	142.984	145.313	146.89	149.227	150.745	153.611	158.525
123	1	139.0797	0.04647	6.463	119.107	124.044	126.924	128.449	130.797	132.381	134.72	139.08	143.439	145.778	147.362	149.71	151.235	154.115	159.052
124	1	139.5158	0.04654	6.4931	119.451	124.411	127.304	128.836	131.195	132.786	135.136	139.516	143.895	146.245	147.837	150.196	151.728	154.621	159.581
125	1	139.954	0.04661	6.5233	119.796	124.779	127.685	129.224	131.594	133.193	135.554	139.954	144.354	146.715	148.314	150.684	152.223	155.129	160.112
126	1	140.3948	0.04667	6.5522	120.147	125.152	128.071	129.617	131.998	133.604	135.975	140.395	144.814	147.186	148.792	151.172	152.718	155.638	160.643
127	1	140.8387	0.04674	6.5828	120.496	125.525	128.458	130.011	132.403	134.016	136.399	140.839	145.279	147.661	149.275	151.666	153.22	156.153	161.181
128	1	141.2859	0.0468	6.6122	120.853	125.904	128.85	130.41	132.812	134.433	136.826	141.286	145.746	148.139	149.76	152.162	153.722	156.668	161.719
129	1	141.7368	0.04686	6.6418	121.212	126.286	129.245	130.812	133.225	134.853	137.257	141.737	146.217	148.621	150.249	152.662	154.229	157.188	162.261
130	1	142.1916	0.04692	6.6716	121.575	126.671	129.644	131.218	133.642	135.277	137.692	142.192	146.692	149.106	150.742	153.165	154.74	157.712	162.808
131	1	142.6501	0.04698	6.7017	121.94	127.06	130.046	131.627	134.062	135.704	138.13	142.65	147.17	149.596	151.239	153.673	155.255	158.241	163.36
132	1	143.1126	0.04703	6.7306	122.314	127.455	130.454	132.042	134.487	136.137	138.573	143.113	147.652	150.088	151.738	154.183	155.771	158.77	163.912
133	1	143.5795	0.04709	6.7612	122.686	127.851	130.863	132.458	134.915	136.572	139.019	143.58	148.14	150.587	152.244	154.701	156.296	159.308	164.473
134	1	144.0511	0.04714	6.7906	123.067	128.254	131.279	132.882	135.349	137.013	139.471	144.051	148.631	151.089	152.754	155.221	156.823	159.848	165.036
135	1	144.5276	0.04719	6.8203	123.451	128.661	131.7	133.309	135.787	137.459	139.927	144.528	149.128	151.596	153.268	155.746	157.355	160.394	165.604
136	1	145.0093	0.04723	6.8488	123.845	129.077	132.128	133.744	136.232	137.911	140.39	145.009	149.629	152.108	153.786	156.275	157.89	160.942	166.174
137	1	145.4964	0.04728	6.8791	124.238	129.493	132.558	134.181	136.681	138.367	140.857	145.496	150.136	152.626	154.312	156.811	158.435	161.5	166.754
138	1	145.9891	0.04732	6.9082	124.641	129.918	132.996	134.626	137.136	138.829	141.33	145.989	150.649	153.149	154.842	157.352	158.982	162.06	167.337
139	1	146.4878	0.04736	6.9377	125.049	130.348	133.439	135.076	137.597	139.297	141.808	146.488	151.167	153.678	155.379	157.899	159.536	162.627	167.927
140	1	146.9927	0.0474	6.9675	125.462	130.784	133.888	135.532	138.064	139.771	142.293	146.993	151.692	154.214	155.922	158.453	160.097	163.201	168.524
141	1	147.5041	0.04744	6.9976	125.88	131.225	134.343	135.994	138.536	140.252	142.784	147.504	152.224	154.757	156.472	159.014	160.665	163.783	169.128
142	1	148.0224	0.04747	7.0266	126.309	131.676	134.807	136.465	139.017	140.74	143.283	148.022	152.762	155.305	157.027	159.58	161.238	164.369	169.736
143	1	148.5478	0.0475	7.056	126.743	132.133	135.277	136.942	139.505	141.235	143.789	148.548	153.307	155.861	157.59	160.154	161.819	164.963	170.353
144	1	149.0807	0.04753	7.0858	127.184	132.597	135.754	137.426	140	141.737	144.301	149.081	153.86	156.425	158.162	160.736	162.408	165.565	170.977
145	1	149.6212	0.04755	7.1145	127.636	133.07	136.24	137.919	140.504	142.248	144.823	149.621	154.42	156.995	158.739	161.323	163.002	166.172	171.607
146	1	150.1694	0.04758	7.1451	128.09	133.548	136.731	138.417	141.013	142.764	145.35	150.169	154.989	157.575	159.326	161.922	163.608	166.791	172.249
147	1	150.7256	0.04759	7.173	128.559	134.039	137.235	138.927	141.533	143.291	145.887	150.726	155.564	158.16	159.918	162.524	164.217	167.413	172.892
148	1	151.2899	0.04761	7.2029	129.031	134.533	137.743	139.442	142.059	143.825	146.432	151.29	156.148	158.755	160.521	163.138	164.837	168.046	173.549
149	1	151.8623	0.04762	7.2317	129.515	135.039	138.261	139.967	142.595	144.367	146.985	151.862	156.74	159.357	161.13	163.757	165.464	168.686	174.21
150	1	152.4425	0.04763	7.2608	130.005	135.551	138.786	140.499	143.137	144.917	147.545	152.442	157.34	159.968	161.748	164.386	166.099	169.334	174.88
151	1	153.0298	0.04763	7.2888	130.506	136.073	139.321	141.041	143.689	145.475	148.114	153.03	157.946	160.584	162.371	165.019	166.739	169.986	175.554
152	1	153.6234	0.04764	7.3186	131.007	136.598	139.859	141.585	144.244	146.038	148.687	153.623	158.56	161.209	163.003	165.661	167.388	170.649	176.24
153	1	154.2223	0.04763	7.3456	131.523	137.134	140.407	142.14	144.809	146.609	149.268	154.222	159.177	161.836	163.636	166.305	168.038	171.311	176.922
154	1	154.8258	0.04763	7.3744	132.037	137.67	140.956	142.696	145.375	147.183	149.852	154.826	159.8	162.469	164.276	166.956	168.695	171.981	177.614
155	1	155.4329	0.04762	7.4017	132.56	138.214	141.512	143.258	145.947	147.762	150.441	155.433	160.425	163.104	164.919	167.608	169.354	172.652	178.306
156	1	156.0426	0.0476	7.4276	133.09	138.763	142.073	143.825	146.524	148.344	151.033	156.043	161.052	163.741	165.561	168.26	170.012	173.322	178.996
157	1	156.6539	0.04758	7.4536	133.621	139.314	142.635	144.394	147.102	148.929	151.627	156.654	161.681	164.379	166.206	168.914	170.673	173.994	179.687
158	1	157.266	0.04756	7.4796	134.152	139.866	143.198	144.963	147.681	149.514	152.221	157.266	162.311	165.018	166.851	169.569	171.334	174.666	180.38
159	1	157.8775	0.04754	7.5055	134.684	140.417	143.761	145.532	148.259	150.099	152.815	157.878	162.94	165.656	167.496	170.223	171.994	175.338	181.071
160	1	158.4871	0.04751	7.5297	135.219	140.97	144.325	146.102	148.837	150.683	153.408	158.487	163.566	166.291	168.137	170.872	172.649	176.004	181.756
161	1	159.0937	0.04747	7.5522	135.756	141.525	144.89	146.671	149.415	151.266	154	159.094	164.188	166.921	168.772	171.516	173.298	176.663	182.432
162	1	159.6962	0.04744	7.576	136.285	142.072	145.447	147.235	149.987	151.844	154.586	159.696	164.806	167.548	169.405	172.158	173.945	177.321	183.108
163	1	160.2939	0.0474	7.5979	136.815	142.618	146.004	147.796	150.557	152.419	155.169	160.294	165.419	168.169	170.031	172.791	174.584	177.969	183.773
164	1	160.8861	0.04735	7.618	137.345	143.164	146.558	148.356	151.123	152.991	155.748	160.886	166.024	168.782	170.649	173.417	175.214	178.608	184.427
165	1	161.472	0.0473	7.6376	137.87	143.704	147.107	148.909	151.684	153.556	156.32	161.472	166.624	169.388	171.26	174.035	175.837	179.24	185.074
166	1	162.0505	0.04725	7.6569	138.389	144.238	147.649	149.456	152.238	154.115	156.886	162.05	167.215	169.986	171.863	174.645	176.452	179.863	185.712
167	1	162.6207	0.0472	7.6757	138.901	144.764	148.184	149.995	152.784	154.665	157.444	162.621	167.798	170.576	172.458	175.246	177.057	180.477	186.34
168	1	163.1816	0.04714	7.6924	139.41	145.286	148.714	150.529	153.323	155.209	157.993	163.182	168.37	171.154	173.04	175.834	177.649	181.077	186.953
169	1	163.7321	0.04707	7.7069	139.916	145.803	149.237	151.055	153.855	155.744	158.534	163.732	168.93	171.72	173.609	176.409	178.227	181.661	187.548
170	1	164.2717	0.04701	7.7224	140.408	146.307	149.747	151.569	154.375	156.268	159.063	164.272	169.48	172.275	174.168	176.974	178.796	182.237	188.136
171	1	164.7994	0.04694	7.7357	140.894	146.804	150.25	152.075	154.886	156.782	159.582	164.799	170.017	172.817	174.713	177.523	179.349	182.795	188.704
172	1	165.3145	0.04687	7.7483	141.37	147.289	150.742	152.57	155.385	157.284	160.088	165.314	170.541	173.345	175.244	178.059	179.887	183.34	189.259
173	1	165.8165	0.04679	7.7586	141.841	147.767	151.224	153.055	155.874	157.775	160.583	165.816	171.05	173.858	175.759	178.578	180.409	183.866	189.792
174	1	166.305	0.04671	7.7681	142.3	148.234	151.695	153.528	156.35	158.254	161.065	166.305	171.545	174.356	176.26	179.082	180.915	184.376	190.31
175	1	166.7799	0.04663	7.7769	142.747	148.688	152.153	153.988	156.813	158.72	161.534	166.78	172.025	174.84	176.746	179.572	181.407	184.872	190.812
176	1	167.2415	0.04655	7.7851	143.184	149.131	152.599	154.436	157.265	159.173	161.991	167.242	172.492	175.31	177.218	180.047	181.884	185.352	191.299
177	1	167.6899	0.04646	7.7909	143.614	149.566	153.037	154.875	157.705	159.615	162.435	167.69	172.945	175.765	177.674	180.505	182.343	185.814	191.766
178	1	168.1255	0.04637	7.796	144.034	149.989	153.463	155.302	158.135	160.045	162.867	168.126	173.384	176.206	178.116	180.949	182.788	186.262	192.217
179	1	168.5482	0.04628	7.8004	144.443	150.402	153.877	155.718	158.552	160.464	163.287	168.548	173.809	176.633	178.545	181.379	183.219	186.695	192.653
180	1	168.958	0.04619	7.8042	144.841	150.803	154.28	156.121	158.957	160.869	163.694	168.958	174.222	177.047	178.959	181.795	183.636	187.113	193.075
181	1	169.3549	0.04609	7.8056	145.234	151.196	154.674	156.516	159.352	161.265	164.09	169.355	174.62	177.445	179.358	182.194	184.036	187.513	193.476
182	1	169.7389	0.04599	7.8063	145.616	151.579	155.057	156.899	159.735	161.648	164.474	169.739	175.004	177.83	179.743	182.579	184.421	187.899	193.862
183	1	170.1099	0.04589	7.8063	145.986	151.95	155.428	157.27	160.106	162.019	164.845	170.11	175.375	178.201	180.114	182.95	184.792	188.27	194.233
184	1	170.468	0.04579	7.8057	146.346	152.309	155.787	157.629	160.465	162.378	165.203	170.468	175.733	178.558	180.471	183.307	185.149	188.627	194.59
185	1	170.8136	0.04569	7.8045	146.696	152.658	156.135	157.976	160.812	162.725	165.55	170.814	176.078	178.902	180.815	183.651	185.492	188.97	194.931
186	1	171.1468	0.04559	7.8026	147.035	152.995	156.472	158.313	161.147	163.06	165.884	171.147	176.41	179.234	181.146	183.981	185.822	189.298	195.259
187	1	171.468	0.04548	7.7984	147.369	153.326	156.801	158.641	161.474	163.386	166.208	171.468	176.728	179.55	181.462	184.295	186.135	189.61	195.567
188	1	171.7773	0.04538	7.7953	147.688	153.643	157.116	158.955	161.787	163.698	166.519	171.777	177.035	179.857	181.767	184.599	186.439	189.912	195.866
189	1	172.0748	0.04527	7.7898	148.002	153.953	157.424	159.262	162.092	164.001	166.821	172.075	177.329	180.148	182.058	184.888	186.726	190.197	196.147
190	1	172.3606	0.04516	7.7838	148.307	154.253	157.721	159.557	162.385	164.293	167.111	172.361	177.611	180.428	182.336	185.164	187	190.468	196.414
191	1	172.6345	0.04506	7.7789	148.596	154.538	158.004	159.839	162.665	164.572	167.388	172.634	177.881	180.697	182.604	185.43	187.265	190.731	196.673
192	1	172.8967	0.04495	7.7717	148.88	154.817	158.28	160.113	162.937	164.842	167.655	172.897	178.139	180.952	182.857	185.68	187.514	190.976	196.913
193	1	173.147	0.04484	7.7639	149.155	155.085	158.545	160.377	163.197	165.1	167.91	173.147	178.384	181.194	183.097	185.917	187.749	191.209	197.139
194	1	173.3856	0.04473	7.7555	149.419	155.344	158.799	160.629	163.446	165.348	168.155	173.386	178.617	181.424	183.325	186.142	187.972	191.428	197.352
195	1	173.6126	0.04462	7.7466	149.674	155.591	159.043	160.871	163.685	165.584	168.388	173.613	178.838	181.641	183.54	186.355	188.182	191.634	197.551
196	1	173.828	0.04451	7.7371	149.919	155.829	159.276	161.102	163.913	165.809	168.609	173.828	179.047	181.847	183.743	186.554	188.38	191.827	197.737
197	1	174.0321	0.0444	7.727	150.154	156.056	159.499	161.322	164.13	166.024	168.82	174.032	179.244	182.041	183.935	186.742	188.565	192.008	197.91
198	1	174.2251	0.04429	7.7164	150.38	156.274	159.712	161.533	164.336	166.228	169.02	174.225	179.43	182.223	184.114	186.917	188.738	192.176	198.071
199	1	174.4071	0.04418	7.7053	150.596	156.482	159.915	161.733	164.532	166.421	169.21	174.407	179.604	182.393	184.282	187.081	188.899	192.332	198.218
200	1	174.5784	0.04407	7.6937	150.803	156.68	160.108	161.923	164.719	166.604	169.389	174.578	179.768	182.552	184.438	187.233	189.049	192.477	198.354
201	1	174.7392	0.04396	7.6815	151.001	156.869	160.292	162.104	164.895	166.778	169.558	174.739	179.92	182.701	184.583	187.374	189.187	192.609	198.477
202	1	174.8896	0.04385	7.6689	151.191	157.049	160.466	162.275	165.061	166.941	169.717	174.89	180.062	182.838	184.718	187.504	189.313	192.73	198.588
203	1	175.0301	0.04375	7.6576	151.366	157.216	160.628	162.435	165.217	167.094	169.865	175.03	180.195	182.967	184.844	187.626	189.432	192.844	198.694
204	1	175.1609	0.04364	7.644	151.539	157.378	160.784	162.588	165.365	167.238	170.005	175.161	180.317	183.083	184.957	187.734	189.538	192.944	198.783
205	1	175.2824	0.04353	7.63	151.704	157.532	160.932	162.732	165.504	167.374	170.136	175.282	180.429	183.19	185.061	187.833	189.633	193.033	198.861
206	1	175.3951	0.04343	7.6174	151.856	157.674	161.068	162.866	165.633	167.5	170.257	175.395	180.533	183.29	185.157	187.925	189.722	193.116	198.935
207	1	175.4995	0.04332	7.6026	152.006	157.813	161.201	162.994	165.756	167.62	170.372	175.5	180.627	183.379	185.243	188.005	189.798	193.186	198.993
208	1	175.5959	0.04322	7.5893	152.143	157.941	161.322	163.113	165.87	167.73	170.477	175.596	180.715	183.462	185.322	188.079	189.87	193.251	199.048
209	1	175.685	0.04311	7.5738	152.28	158.066	161.44	163.227	165.979	167.835	170.577	175.685	180.793	183.535	185.391	188.143	189.93	193.304	199.09
210	1	175.7672	0.04301	7.5597	152.406	158.181	161.549	163.333	166.079	167.932	170.668	175.767	180.866	183.602	185.455	188.202	189.986	193.354	199.129
211	1	175.8432	0.04291	7.5454	152.526	158.29	161.652	163.432	166.173	168.023	170.754	175.843	180.933	183.664	185.513	188.254	190.035	193.396	199.16
212	1	175.9133	0.04281	7.5308	152.641	158.394	161.749	163.526	166.262	168.108	170.834	175.913	180.993	183.719	185.564	188.3	190.077	193.433	199.185
213	1	175.9781	0.04271	7.516	152.752	158.493	161.842	163.615	166.346	168.188	170.909	175.978	181.048	183.768	185.61	188.341	190.114	193.463	199.204
214	1	176.038	0.04261	7.501	152.858	158.588	161.93	163.7	166.425	168.264	170.979	176.038	181.097	183.812	185.651	188.376	190.146	193.488	199.218
215	1	176.0935	0.04251	7.4857	152.961	158.679	162.014	163.781	166.5	168.335	171.044	176.094	181.143	183.852	185.687	188.406	190.173	193.508	199.226
216	1	176.1449	0.04241	7.4703	153.06	158.766	162.095	163.857	166.571	168.402	171.106	176.145	181.184	183.887	185.718	188.432	190.195	193.523	199.23
217	1	176.1925	0.04232	7.4565	153.15	158.846	162.168	163.928	166.637	168.464	171.163	176.192	181.222	183.921	185.748	188.457	190.217	193.539	199.235
218	1	176.2368	0.04222	7.4407	153.243	158.927	162.242	163.998	166.701	168.525	171.218	176.237	181.255	183.949	185.772	188.476	190.231	193.546	199.23
219	1	176.2779	0.04213	7.4266	153.328	159.001	162.31	164.062	166.76	168.581	171.269	176.278	181.287	183.975	185.795	188.494	190.246	193.555	199.228
220	1	176.3162	0.04204	7.4123	153.41	159.073	162.375	164.124	166.817	168.634	171.317	176.316	181.316	183.999	185.815	188.508	190.257	193.56	199.222
221	1	176.3518	0.04195	7.398	153.49	159.142	162.438	164.183	166.871	168.684	171.362	176.352	181.342	184.019	185.833	188.52	190.266	193.562	199.213
222	1	176.3851	0.04185	7.3817	153.574	159.213	162.502	164.243	166.925	168.734	171.406	176.385	181.364	184.036	185.845	188.527	190.269	193.558	199.196
223	1	176.4162	0.04177	7.3689	153.645	159.274	162.557	164.295	166.973	168.779	171.446	176.416	181.386	184.054	185.86	188.537	190.276	193.559	199.188
224	1	176.4453	0.04168	7.3542	153.719	159.337	162.613	164.349	167.02	168.823	171.485	176.445	181.406	184.067	185.87	188.542	190.277	193.554	199.172
225	1	176.4724	0.04159	7.3395	153.792	159.398	162.668	164.4	167.066	168.866	171.522	176.472	181.423	184.079	185.878	188.545	190.276	193.547	199.153
226	1	176.4976	0.0415	7.3247	153.863	159.458	162.721	164.45	167.111	168.906	171.557	176.498	181.438	184.089	185.885	188.546	190.274	193.537	199.132
227	1	176.5211	0.04142	7.3115	153.927	159.512	162.77	164.495	167.151	168.943	171.59	176.521	181.453	184.099	185.891	188.547	190.273	193.53	199.115
228	1	176.5432	0.04134	7.2983	153.99	159.565	162.817	164.539	167.19	168.979	171.621	176.543	181.466	184.107	185.896	188.548	190.27	193.522	199.097
