Month	L	M	S	P01	P1	P3	P5	P10	P15	P25	P50	P75	P85	P90	P95	P97	P99	P999
61	-0.2026	18.5057	0.12988	12.581	13.802	14.58	15.013	15.711	16.204	16.967	18.506	20.216	21.212	21.92	23.023	23.774	25.276	28.126
62	-0.213	18.6802	0.13028	12.695	13.926	14.711	15.149	15.854	16.352	17.123	18.68	20.413	21.423	22.142	23.262	24.026	25.553	28.456
63	-0.2234	18.8563	0.13067	12.81	14.052	14.844	15.286	15.998	16.501	17.28	18.856	20.612	21.636	22.366	23.503	24.279	25.833	28.79
64	-0.2338	19.034	0.13105	12.927	14.179	14.978	15.424	16.143	16.652	17.439	19.034	20.812	21.851	22.591	23.746	24.535	26.115	29.127
65	-0.2443	19.2132	0.13142	13.045	14.307	15.114	15.564	16.29	16.804	17.6	19.213	21.015	22.068	22.819	23.991	24.793	26.4	29.468
66	-0.2548	19.394	0.13178	13.164	14.437	15.251	15.705	16.438	16.957	17.762	19.394	21.218	22.286	23.048	24.238	25.053	26.687	29.812
67	-0.2653	19.5765	0.13213	13.285	14.568	15.389	15.848	16.588	17.113	17.926	19.576	21.424	22.507	23.28	24.488	25.315	26.977	30.159
68	-0.2758	19.7607	0.13246	13.408	14.701	15.53	15.992	16.74	17.27	18.091	19.761	21.632	22.729	23.513	24.739	25.58	27.268	30.509
69	-0.2864	19.9468	0.13279	13.532	14.836	15.672	16.139	16.893	17.428	18.259	19.947	21.841	22.954	23.749	24.994	25.847	27.564	30.865
70	-0.2969	20.1344	0.13311	13.658	14.972	15.815	16.286	17.048	17.588	18.427	20.134	22.053	23.18	23.986	25.25	26.117	27.862	31.223
71	-0.3075	20.3235	0.13342	13.785	15.11	15.959	16.435	17.204	17.749	18.597	20.324	22.265	23.408	24.226	25.508	26.388	28.162	31.584
72	-0.318	20.5137	0.13372	13.913	15.248	16.105	16.585	17.361	17.912	18.768	20.514	22.48	23.637	24.467	25.767	26.661	28.464	31.948
73	-0.3285	20.7052	0.13402	14.042	15.388	16.252	16.736	17.519	18.076	18.941	20.705	22.695	23.868	24.709	26.029	26.937	28.769	32.316
74	-0.339	20.8979	0.13432	14.172	15.528	16.4	16.888	17.678	18.24	19.114	20.898	22.912	24.101	24.953	26.293	27.215	29.077	32.688
75	-0.3494	21.0918	0.13462	14.303	15.669	16.548	17.041	17.839	18.406	19.288	21.092	23.131	24.335	25.2	26.558	27.494	29.387	33.063
76	-0.3598	21.287	0.13493	14.434	15.811	16.697	17.194	17.999	18.572	19.464	21.287	23.351	24.571	25.448	26.827	27.777	29.701	33.444
77	-0.3701	21.4833	0.13523	14.566	15.954	16.848	17.349	18.161	18.739	19.64	21.483	23.572	24.809	25.697	27.096	28.061	30.016	33.827
78	-0.3804	21.681	0.13554	14.699	16.097	16.999	17.504	18.324	18.908	19.818	21.681	23.795	25.048	25.949	27.369	28.349	30.336	34.216
79	-0.3906	21.8799	0.13586	14.832	16.241	17.15	17.66	18.488	19.077	19.996	21.88	24.02	25.29	26.203	27.644	28.639	30.658	34.61
80	-0.4007	22.08	0.13618	14.966	16.386	17.303	17.817	18.653	19.247	20.176	22.08	24.246	25.533	26.459	27.921	28.931	30.984	35.007
81	-0.4107	22.2813	0.13652	15.1	16.531	17.455	17.974	18.818	19.418	20.356	22.281	24.474	25.778	26.717	28.201	29.227	31.314	35.411
82	-0.4207	22.4837	0.13686	15.234	16.676	17.609	18.133	18.983	19.59	20.537	22.484	24.703	26.025	26.977	28.483	29.525	31.646	35.82
83	-0.4305	22.6872	0.13722	15.368	16.822	17.762	18.291	19.15	19.762	20.719	22.687	24.934	26.273	27.24	28.767	29.826	31.983	36.235
84	-0.4402	22.8915	0.13759	15.503	16.968	17.916	18.449	19.316	19.935	20.901	22.892	25.167	26.524	27.504	29.054	30.13	32.323	36.654
85	-0.4499	23.0968	0.13797	15.637	17.114	18.07	18.608	19.483	20.108	21.084	23.097	25.4	26.776	27.77	29.344	30.436	32.666	37.08
86	-0.4594	23.3029	0.13838	15.771	17.259	18.224	18.767	19.65	20.281	21.268	23.303	25.635	27.03	28.038	29.636	30.746	33.014	37.512
87	-0.4688	23.5101	0.1388	15.904	17.405	18.378	18.926	19.818	20.455	21.452	23.51	25.872	27.286	28.309	29.931	31.059	33.366	37.951
88	-0.4781	23.7182	0.13923	16.038	17.551	18.532	19.085	19.986	20.629	21.636	23.718	26.11	27.543	28.581	30.229	31.375	33.722	38.395
89	-0.4873	23.9272	0.13969	16.171	17.696	18.686	19.244	20.154	20.803	21.821	23.927	26.35	27.803	28.856	30.53	31.695	34.083	38.849
90	-0.4964	24.1371	0.14016	16.304	17.842	18.841	19.404	20.322	20.978	22.007	24.137	26.591	28.065	29.134	30.833	32.017	34.448	39.307
91	-0.5053	24.3479	0.14065	16.437	17.987	18.995	19.563	20.49	21.153	22.193	24.348	26.834	28.328	29.413	31.139	32.343	34.817	39.774
92	-0.5142	24.5595	0.14117	16.569	18.131	19.148	19.722	20.658	21.328	22.379	24.56	27.078	28.594	29.695	31.449	32.674	35.192	40.249
93	-0.5229	24.7722	0.1417	16.7	18.276	19.302	19.882	20.827	21.504	22.566	24.772	27.324	28.862	29.98	31.762	33.007	35.571	40.732
94	-0.5315	24.9858	0.14226	16.831	18.42	19.456	20.041	20.995	21.679	22.754	24.986	27.572	29.132	30.267	32.079	33.345	35.956	41.224
95	-0.5399	25.2005	0.14284	16.962	18.564	19.609	20.2	21.164	21.855	22.941	25.2	27.821	29.405	30.558	32.398	33.687	36.346	41.724
96	-0.5482	25.4163	0.14344	17.092	18.708	19.763	20.359	21.333	22.031	23.13	25.416	28.073	29.68	30.85	32.722	34.033	36.742	42.233
97	-0.5564	25.6332	0.14407	17.221	18.851	19.916	20.518	21.502	22.208	23.319	25.633	28.326	29.957	31.147	33.05	34.384	37.145	42.754
98	-0.5644	25.8513	0.14472	17.35	18.994	20.069	20.677	21.671	22.385	23.508	25.851	28.582	30.238	31.446	33.381	34.74	37.553	43.284
99	-0.5722	26.0706	0.14539	17.478	19.137	20.222	20.836	21.84	22.562	23.698	26.071	28.839	30.52	31.748	33.716	35.099	37.967	43.823
100	-0.5799	26.2911	0.14608	17.606	19.28	20.375	20.995	22.01	22.74	23.889	26.291	29.099	30.806	32.053	34.055	35.464	38.387	44.372
101	-0.5873	26.5128	0.14679	17.734	19.422	20.528	21.154	22.18	22.918	24.08	26.513	29.36	31.093	32.362	34.398	35.832	38.813	44.931
102	-0.5946	26.7358	0.14752	17.861	19.564	20.681	21.313	22.35	23.096	24.272	26.736	29.624	31.384	32.673	34.745	36.206	39.245	45.501
103	-0.6017	26.9602	0.14828	17.987	19.706	20.833	21.473	22.521	23.275	24.465	26.96	29.89	31.678	32.989	35.097	36.585	39.686	46.083
104	-0.6085	27.1861	0.14905	18.114	19.848	20.986	21.632	22.692	23.454	24.659	27.186	30.158	31.974	33.307	35.453	36.969	40.131	46.674
105	-0.6152	27.4137	0.14984	18.24	19.99	21.14	21.793	22.863	23.635	24.853	27.414	30.429	32.274	33.629	35.814	37.358	40.584	47.278
106	-0.6216	27.6432	0.15066	18.365	20.132	21.293	21.953	23.036	23.816	25.049	27.643	30.703	32.578	33.956	36.18	37.753	41.046	47.895
107	-0.6278	27.875	0.15149	18.492	20.274	21.448	22.114	23.209	23.998	25.247	27.875	30.98	32.885	34.287	36.551	38.155	41.515	48.523
108	-0.6337	28.1092	0.15233	18.618	20.418	21.603	22.277	23.384	24.182	25.446	28.109	31.26	33.196	34.622	36.927	38.562	41.99	49.162
109	-0.6393	28.3459	0.15319	18.745	20.562	21.759	22.44	23.56	24.368	25.647	28.346	31.544	33.512	34.962	37.309	38.975	42.475	49.815
110	-0.6446	28.5854	0.15406	18.872	20.707	21.917	22.605	23.737	24.555	25.85	28.585	31.831	33.832	35.307	37.697	39.395	42.967	50.479
111	-0.6496	28.8277	0.15493	19.001	20.853	22.076	22.772	23.917	24.744	26.056	28.828	32.122	34.155	35.656	38.089	39.82	43.465	51.152
112	-0.6543	29.0731	0.15581	19.13	21.001	22.236	22.94	24.098	24.936	26.263	29.073	32.417	34.484	36.01	38.488	40.252	43.972	51.838
113	-0.6585	29.3217	0.1567	19.26	21.149	22.398	23.11	24.282	25.129	26.474	29.322	32.716	34.817	36.369	38.892	40.69	44.487	52.535
114	-0.6624	29.5736	0.1576	19.39	21.299	22.561	23.281	24.467	25.325	26.687	29.574	33.02	35.155	36.734	39.303	41.135	45.01	53.244
115	-0.6659	29.8289	0.1585	19.522	21.451	22.727	23.455	24.655	25.523	26.902	29.829	33.327	35.497	37.104	39.719	41.587	45.54	53.963
116	-0.6689	30.0877	0.1594	19.655	21.604	22.894	23.631	24.845	25.724	27.121	30.088	33.639	35.844	37.479	40.141	42.044	46.076	54.69
117	-0.6714	30.3501	0.16031	19.789	21.758	23.063	23.808	25.037	25.927	27.342	30.35	33.956	36.197	37.859	40.569	42.508	46.621	55.428
118	-0.6735	30.616	0.16122	19.924	21.914	23.234	23.987	25.231	26.133	27.566	30.616	34.276	36.554	38.245	41.003	42.978	47.173	56.175
119	-0.6752	30.8854	0.16213	20.06	22.071	23.406	24.169	25.428	26.341	27.793	30.885	34.601	36.916	38.635	41.443	43.455	47.732	56.931
120	-0.6764	31.1586	0.16305	20.196	22.23	23.581	24.352	25.627	26.551	28.023	31.159	34.931	37.283	39.032	41.889	43.938	48.299	57.698
